0.000019
0.009426
0.000008
0.000009
0.006739
0.000006
0.000007
0.000006
0.000006
0.000007
0.000007
0.000007
0.000007
0.004648
0.000071
0.000006
0.000006
0.000006
0.012429
0.000006
0.000007
0.000006
0.000007
0.000007
0.000007
0.000007
0.000008
0.000007
0.000007
0.000008
0.000024
0.000007
0.000009
0.000009
0.000003
0.000042
0.000008
0.000006
0.000006
0.018292
0.000006
0.000006
0.000007
0.000007
0.000009
0.010398
0.000005
0.000768
0.000007
0.000007
0.000007
0.000006
0.000007
0.000009
0.000006
0.000006
0.000006
0.000006
0.000007
0.000006
0.000005
0.000008
0.011295
0.007136
0.000006
0.000006
0.000006
0.000006
0.000007
0.000006
0.000007
0.000006
0.000005
0.000007
0.000005
0.000007
0.013231
0.000007
0.000008
0.000006
0.000006
0.000005
0.000008
0.000007
0.000007
0.000028
0.000006
0.000006
0.000007
0.000007
0.000007
0.000006
0.000008
0.000006
0.000009
0.009607
0.000006
0.000007
0.000007
0.000007
0.000007
0.000003
0.000003
0.000004
0.000000
0.000007
0.000008
0.000006
0.000006
0.000007
0.000006
0.000006
0.000006
0.000008
0.000003
0.000005
0.000007
0.000008
0.000025
0.000111
0.000011
0.000006
0.000007
0.000006
0.000006
0.000019
0.000006
0.000009
0.000008
0.000007
0.010823
0.000007
0.000007
0.000006
0.000007
0.000008
0.000007
0.000009
0.000007
0.000007
0.000599
0.000006
0.000005
0.000005
0.000024
0.000007
0.000007
0.000006
0.000006
0.000006
0.010941
0.000005
0.000010
0.000006
0.000006
0.009721
0.000007
0.000007
0.000007
0.000008
0.000005
0.000006
0.000008
0.000009
0.000006
0.000007
0.012775
0.000006
0.000008
0.000006
0.000008
0.013148
0.000006
0.000007
0.000006
0.010444
0.000120
0.000007
0.000007
0.000018
0.000005
0.000007
0.000003
0.000003
0.000004
0.000007
0.000003
0.010672
0.000006
0.000005
0.000027
0.000007
0.000006
0.000005
0.000008
0.000006
0.000009
0.000009
0.000024
0.000003
0.000008
0.000006
0.000007
0.000006
0.000006
0.000026
0.000006
0.000006
0.000008
0.000007
0.000008
0.000006
0.010464
0.000005
0.000005
0.013290
0.000005
0.000006
0.000007
0.000006
0.000007
0.000006
0.016646
0.000006
0.000007
0.000006
0.000007
0.000008
0.000007
0.000007
0.000046
0.000008
0.000008
0.000006
0.000007
0.000007
0.000007
0.000011
0.000008
0.000006
0.000008
0.000007
0.000189
0.000008
0.000007
0.000010
0.000003
0.000026
0.000006
0.000007
0.013320
0.000006
0.000005
0.000003
0.000007
0.000008
0.000007
0.008717
0.000006
0.000006
0.000007
0.000006
0.000008
0.000005
0.000006
0.000007
0.000006
0.000006
0.000007
0.000006
0.000006
0.000006
0.000007
0.000007
0.000022
0.000006
0.000006
0.000006
0.000007
0.000006
0.000005
0.000003
0.000002
0.000002
0.000028
0.000009
0.000010
0.000009
0.000005
0.000005
0.000007
0.000006
0.000006
0.000006
0.000002
0.000006
0.000006
0.000024
0.000007
0.000007
0.000007
0.000007
0.000004
0.000002
0.000003
0.000006
0.000006
0.000007
0.000006
0.000005
0.000005
0.000005
0.000007
0.000005
0.000007
0.000007
0.000008
0.000006
0.000007
0.000005
0.000007
0.000006
0.010333
0.000006
0.000006
0.000005
0.000005
0.000005
0.000006
0.000007
0.000006
0.000005
0.000008
0.000007
0.000007
0.000006
0.000005
0.000005
0.000006
0.000005
0.000007
0.000005
0.009442
0.000007
0.000007
0.000007
0.000005
0.000005
0.007674
0.000006
0.000015
0.000007
0.000006
0.000006
0.000006
0.000006
0.000006
0.000006
0.000005
0.000007
0.000007
0.000007
0.000006
0.000007
0.000006
0.000005
0.000007
0.000005
0.000005
0.000007
0.000004
0.000008
0.000005
0.000005
0.000006
0.000007
0.000006
0.000005
0.000006
0.000006
0.000004
0.000002
0.000003
0.000006
0.000035
0.000007
0.000005
0.000008
0.000006
0.000006
0.000007
0.010881
0.000007
0.000006
0.000006
0.000007
0.000006
0.000008
0.013413
0.000008
0.000005
0.000006
0.000010
0.000008
0.000006
0.000007
0.000009
0.000005
0.000006
0.011674
0.000005
0.000006
0.000006
0.000006
0.000016
0.000006
0.000006
0.000006
0.000006
0.000005
0.000005
0.000021
0.000017
0.000005
0.000007
0.000007
0.000006
0.000005
0.000006
0.011337
0.000005
0.000007
0.000005
0.000005
0.000006
0.000006
0.000005
0.000006
0.000007
0.013157
0.000006
0.000006
0.000006
0.000007
0.000006
0.000006
0.013390
0.000008
0.000006
0.001811
0.000006
0.000006
0.007465
0.000006
0.000017
0.000007
0.000010
0.000007
0.009549
0.000006
0.000006
0.000007
0.000007
0.000006
0.000006
0.000006
0.000005
0.000007
0.000005
0.000006
0.000006
0.000006
0.000006
0.000008
0.000030
0.000005
0.000006
0.000005
0.000006
0.000006
0.000007
0.000020
0.000007
0.000005
0.000007
0.000007
0.000006
0.000005
0.000006
0.000006
0.000007
0.000007
0.000004
0.007099
0.000006
0.000007
0.000006
0.000007
0.000006
0.000007
0.000006
0.000006
0.000006
0.000007
0.000014
0.000007
0.000006
0.000006
0.000035
0.000007
0.000007
0.000006
0.000008
0.000024
0.000005
0.000006
0.000005
0.000007
0.000006
0.000006
0.000006
0.000050
0.000007
0.000006
0.000007
0.000007
0.012133
0.000006
0.000007
0.000006
0.000005
0.000006
0.000007
0.000005
0.000005
0.000006
0.000007
0.000007
0.011504
0.009541
0.013489
0.000006
0.000007
0.000006
0.000007
0.000006
0.009564
0.000006
0.000008
0.000005
0.000007
0.000006
0.000007
0.000014
0.008584
0.013250
0.008888
0.000007
0.000006
0.000005
0.000007
0.000007
0.000006
0.000007
0.000007
0.000007
0.000018
0.000007
0.000006
0.001872
0.000011
0.000004
0.000005
0.000007
0.000006
0.000006
0.000006
0.000006
0.000005
0.000006
0.000008
0.000007
0.000007
0.000008
0.001788
0.000007
0.000007
0.000006
0.000007
0.000006
0.010575
0.000007
0.000006
0.010136
0.000007
0.000005
0.000007
0.000007
0.000006
0.000007
0.000006
0.000006
0.000006
0.000006
0.000006
0.000006
0.000006
0.000008
0.013364
0.000006
0.000006
0.000008
0.000007
0.000007
0.000006
0.000006
0.000006
0.000006
0.000006
0.000007
0.012225
0.000007
0.000006
0.000007
0.000007
0.000006
0.000007
0.000006
0.000006
0.000006
0.000006
0.000007
0.000005
0.000007
0.000007
0.000006
0.000007
0.000006
0.000007
0.000006
0.000007
0.000006
0.010607
0.000006
0.000005
0.000007
0.000006
0.000007
0.000031
0.000007
0.000007
0.000006
0.000007
0.000007
0.000010
0.000004
0.000024
0.011016
0.000007
0.000006
0.000007
0.000007
0.000005
0.000024
0.000025
0.000008
0.000007
0.000007
0.000006
0.000006
0.000005
0.000007
0.000006
0.000007
0.000016
0.000015
0.012442
0.000005
0.000006
0.000005
0.000006
0.000006
0.000012
0.000005
0.000004
0.000007
0.000006
0.000005
0.000007
0.000006
0.000006
0.000006
0.000005
0.000007
0.000005
0.000006
0.000005
0.000032
0.000006
0.000005
0.000005
0.000006
0.000006
0.000007
0.000005
0.000006
0.000006
0.013352
0.000022
0.000007
0.000006
0.000006
0.000006
0.000005
0.000005
0.000005
0.000005
0.000006
0.000007
0.000006
0.000032
0.000004
0.000006
0.000005
0.000007
0.000005
0.000005
0.000003
0.000005
0.000006
0.000006
0.000005
0.000040
0.000007
0.003713
0.000005
0.013399
0.000007
0.000006
0.000007
0.000025
0.000007
0.000007
0.000006
0.000007
0.000007
0.000005
0.010032
0.000005
0.000007
0.000003
0.000007
0.000008
0.000008
0.012305
0.000007
0.000006
0.000007
0.000006
0.000006
0.000038
0.000008
0.000006
0.000006
0.013380
0.000006
0.000006
0.000006
0.000006
0.000005
0.000005
0.000006
0.000006
0.013210
0.010449
0.000008
0.000006
0.000006
0.000005
0.000007
0.000005
0.000006
0.000005
0.000007
0.000006
0.000007
0.010503
0.000007
0.000007
0.000036
0.000007
0.000007
0.000006
0.000007
0.012293
0.000007
0.000007
0.000007
0.000007
0.000006
0.000005
0.000005
0.000036
0.000007
0.000006
0.000006
0.000005
0.000007
0.000019
0.000006
0.000022
0.000007
0.000003
0.000004
0.013174
0.000006
0.000007
0.000006
0.000007
0.000006
0.000006
0.000006
0.000005
0.000007
0.000006
0.000007
0.000005
0.000007
0.000006
0.000007
0.000007
0.000006
0.000007
0.000005
0.000006
0.000007
0.000007
0.000008
0.000007
0.000020
0.009434
0.000007
0.000006
0.000008
0.000006
0.000043
0.000008
0.000007
0.000007
0.000006
0.000006
0.000006
0.000005
0.000006
0.000005
0.000047
0.000006
0.000006
0.000005
0.000005
0.013352
0.000007
0.000007
0.000006
0.010331
0.000006
0.000006
0.000005
0.000007
0.000006
0.000007
0.000007
0.000004
0.000018
0.000015
0.010791
0.000006
0.000032
0.000013
0.000006
0.000005
0.000007
0.000005
0.000007
0.000006
0.000058
0.000006
0.000007
0.000025
0.000007
0.000008
0.000006
0.009970
0.000007
0.000006
0.000003
0.000005
0.000006
0.000005
0.000007
0.000008
0.000014
0.000007
0.000006
0.012769
0.000006
0.000007
0.000007
0.013300
0.000007
0.000007
0.000006
0.012623
0.000005
0.000006
0.000005
0.000006
0.000005
0.000007
0.000006
0.000002
0.000007
0.000005
0.000037
0.000003
0.012114
0.000007
0.000006
0.000006
0.000007
0.000006
0.012007
0.000006
0.000006
0.000006
0.009698
0.000032
0.000007
0.000006
0.000006
0.012510
0.000005
0.000007
0.000007
0.000006
0.000005
0.000006
0.000006
0.000006
0.000007
0.000006
0.000008
0.000003
0.000009
0.000006
0.000180
0.000006
0.000007
0.000004
0.000007
0.000017
0.013194
0.000006
0.000007
0.000007
0.000006
0.000007
0.000006
0.000006
0.000006
0.000005
0.000004
0.000006
0.000007
0.000008
0.000007
0.000006
0.000023
0.000007
0.000006
0.000007
0.000006
0.000007
0.000006
0.000006
0.000007
0.000006
0.000007
0.000006
0.000007
0.000017
0.000007
0.000032
0.000007
0.000007
0.000007
0.000009
0.000007
0.000007
0.000006
0.000006
0.000006
0.000018
0.000006
0.000006
0.000005
0.012125
0.000007
0.000008
0.000006
0.006195
0.000007
0.000006
0.000005
0.000007
0.000007
0.000006
0.000006
0.000007
0.000014
0.000007
0.000005
0.000007
0.000006
0.009159
0.000007
0.000005
0.000006
0.000006
0.000007
0.000006
0.000006
0.000005
0.000007
0.000007
0.000008
0.000011
0.000024
0.000007
0.000006
0.000007
0.000006
0.000005
0.013239
0.000006
0.000006
0.000006
0.000008
0.000007
0.000007
0.000008
0.000006
0.000009
0.000010
0.000009
0.000003
0.000007
0.000004
0.000004
0.000010
0.000008
0.000008
0.000022
0.000007
0.000006
0.000006
0.000007
0.000006
0.000006
0.000007
0.000038
0.000007
0.000002
0.000014
0.000007
0.000021
0.000006
0.000007
0.000007
0.000008
0.000007
0.000006
0.000024
0.011123
0.000007
0.000007
0.000003
0.000006
0.000007
0.000006
0.000006
0.000005
0.000005
0.010923
0.000007
0.012940
0.000006
0.000006
0.000058
0.000009
0.000007
0.000007
0.000006
0.011253
0.000007
0.000006
0.006760
0.000028
0.000006
0.000008
0.000006
0.000007
0.000007
0.000006
0.000007
0.000007
0.000006
0.000006
0.000006
0.000006
0.000006
0.000006
0.000006
0.000005
0.000004
0.000005
0.000006
0.000006
0.000006
0.000005
0.000005
0.000006
0.000006
0.000006
0.000005
0.000006
0.000006
0.000006
0.000005
0.000008
0.000004
0.000003
0.000006
0.000008
0.000005
0.000005
0.000007
0.000007
0.001633
0.000006
0.000005
0.000006
0.000004
0.000006
0.000005
0.000004
0.000007
0.000006
0.000006
0.000006
0.000013
0.000014
0.000014
0.000006
0.000006
0.000006
0.000005
0.000007
0.000007
0.000006
0.000008
0.010120
0.000006
0.000005
0.000006
0.000006
0.000008
0.000020
0.000008
0.000007
0.000006
0.000003
0.000007
0.000007
0.000006
0.000004
0.000002
0.000007
0.000006
0.000006
0.000006
0.000006
0.000006
0.000007
0.000007
0.000008
0.000008
0.000006
0.000006
0.012642
0.000007
0.000573
0.000027
0.000007
0.000006
0.000007
0.000008
0.000006
0.000006
0.000006
0.004545
0.009520
0.000012
0.000007
0.000006
0.000006
0.000005
0.000005
0.000006
0.000006
0.000007
0.000005
0.000007
0.000006
0.000019
0.000007
0.000007
0.000006
0.000008
0.000006
0.000005
0.000006
0.000006
0.000007
0.000005
0.000006
0.000033
0.000005
0.000006
0.000006
0.000007
0.000007
0.000007
0.000006
0.000006
0.000007
0.000008
0.000006
0.000005
0.000006
0.000007
0.006739
0.000007
0.000007
0.000006
0.000006
0.000007
0.000005
0.000003
0.000005
0.000006
0.000006
0.000008
0.013127
0.000007
0.000003
0.000007
0.010107
0.000007
0.000007
0.000007
0.000006
0.000007
0.000007
0.000006
0.000004
0.008264
0.000007
0.000007
0.000007
0.000004
0.000004
0.000005
0.000006
0.000006
0.010891
0.000007
0.000007
0.000007
0.000007
0.000009
0.000029
0.000003
0.000002
0.000004
0.000006
0.000007
0.000007
0.000007
0.000007
0.000007
0.009397
0.000003
0.000007
0.000006
0.006239
0.000002
0.000007
0.000049
0.000006
0.010223
0.000006
0.000005
0.000005
0.000005
0.000007
0.000007
0.000009
0.000007
0.000006
0.010636
0.000008
0.000005
0.000006
0.000006
0.000006
0.000006
0.000006
0.000009
0.000002
0.000004
0.000003
0.000007
0.000006
0.000006
0.000007
0.000004
0.009070
0.000005
0.000006
0.000005
0.000006
0.000007
0.000007
0.000032
0.000007
0.000005
0.000005
0.000014
0.000007
0.011586
0.000006
0.000007
0.000006
0.000006
0.000007
0.000007
0.000007
0.000007
0.000007
0.000007
0.000007
0.000005
0.000008
0.000006
0.000006
0.000011
0.000007
0.000006
0.012263
0.000007
0.000007
0.000007
0.000005
0.000006
0.000007
0.000009
0.000726
0.000007
0.000006
0.000007
0.000007
0.000007
0.000007
0.000006
0.000006
0.000007
0.000006
0.000005
0.000006
0.000006
0.000004
0.000007
0.000007
0.000008
0.000030
0.000006
0.000005
0.000005
0.000005
0.000005
0.000005
0.000006
0.000005
0.011698
0.000007
0.000006
0.000006
0.000007
0.000007
0.000007
0.000013
0.000033
0.000005
0.000005
0.000007
0.010501
0.000028
0.000007
0.000025
0.000007
0.000008
0.000007
0.000008
0.000005
0.000006
0.000006
0.009208
0.000005
0.000026
0.000006
0.000005
0.000006
0.000006
0.000006
0.000007
0.000006
0.000005
0.000007
0.000006
0.000006
0.000008
0.000007
0.000006
0.000006
0.000005
0.000006
0.000006
0.000006
0.000007
0.000006
0.000055
0.000009
0.000006
0.000007
0.000016
0.000005
0.000022
0.000007
0.000008
0.000006
0.000006
0.000006
0.000005
0.000007
0.000006
0.000005
0.011128
0.000004
0.000008
0.000004
0.000007
0.000006
0.000007
0.000006
0.000006
0.000008
0.000005
0.000006
0.000019
0.000007
0.010504
0.000006
0.000006
0.013206
0.000006
0.000008
0.000026
0.000018
0.000006
0.000006
0.000006
0.000005
0.000007
0.000006
0.000006
0.000023
0.000007
0.000021
0.000006
0.000007
0.000005
0.000007
0.000006
0.012699
0.000005
0.000005
0.000007
0.000006
0.000007
0.000007
0.000006
0.000007
0.000007
0.000006
0.000006
0.000006
0.000006
0.000007
0.000007
0.000006
0.000008
0.000007
0.000006
0.000037
0.000014
0.000006
0.000007
0.000008
0.000006
0.000006
0.000006
0.000005
0.000006
0.010746
0.000007
0.000003
0.000007
0.000006
0.000006
0.000005
0.000007
0.000018
0.000007
0.000006
0.000006
0.000005
0.000006
0.000006
0.000005
0.000006
0.000006
0.000006
0.000005
0.000006
0.000005
0.000006
0.000005
0.000006
0.000006
0.000005
0.000006
0.000006
0.000008
0.000005
0.000007
0.000026
0.000007
0.000007
0.000007
0.000006
0.000003
0.009096
0.000009
0.000006
0.000006
0.000005
0.000006
0.000005
0.000005
0.000021
0.000005
0.000005
0.000008
0.000006
0.000009
0.000005
0.000005
0.000005
0.000003
0.000007
0.000005
0.000006
0.000007
0.011579
0.000008
0.000006
0.000005
0.000006
0.000008
0.000021
0.000008
0.000013
0.000009
0.000010
0.000007
0.000007
0.000006
0.000008
0.000010
0.009584
0.009814
0.000008
0.000010
0.000003
0.000004
0.000007
0.000009
0.000003
0.000006
0.000007
0.000008
0.000006
0.000007
0.000007
0.011660
0.000007
0.000006
0.000003
0.000004
0.000006
0.000007
0.009192
0.000006
0.012224
0.000008
0.000006
0.000006
0.000005
0.000006
0.000007
0.000005
0.000006
0.000007
0.011794
0.000007
0.000006
0.000008
0.000008
0.000007
0.000006
0.000007
0.000006
0.000034
0.000007
0.000025
0.000005
0.000006
0.000003
0.000007
0.000007
0.000007
0.000005
0.000006
0.000006
0.000018
0.000029
0.000007
0.000006
0.000007
0.000006
0.000007
0.000005
0.000007
0.000006
0.010773
0.000006
0.000006
0.000006
0.000006
0.000007
0.000006
0.000006
0.000021
0.000007
0.000005
0.010736
0.000007
0.000006
0.000007
0.000007
0.000006
0.000008
0.000007
0.013556
0.000005
0.000006
0.000008
0.000008
0.000007
0.000007
0.013255
0.000007
0.000006
0.011435
0.013306
0.000006
0.000006
0.000007
0.000003
0.000003
0.000007
0.000005
0.000007
0.000007
0.000007
0.000009
0.000007
0.010883
0.000007
0.000006
0.000007
0.000007
0.000006
0.000006
0.000006
0.000007
0.000007
0.000007
0.000007
0.010086
0.000006
0.000009
0.000005
0.000006
0.000006
0.000006
0.000006
0.000005
0.010361
0.000006
0.000006
0.000007
0.000006
0.000007
0.000008
0.000026
0.000006
0.000007
0.009963
0.000006
0.000007
0.006286
0.000006
0.000005
0.000006
0.000006
0.000007
0.000006
0.000007
0.000008
0.000005
0.000006
0.000007
0.000003
0.000005
0.000008
0.000006
0.000005
0.000007
0.000007
0.000007
0.000006
0.000033
0.000032
0.000006
0.000007
0.000003
0.000006
0.005622
0.000006
0.000005
0.009008
0.000026
0.000004
0.000004
0.000006
0.000024
0.000006
0.000006
0.000007
0.000007
0.000005
0.000007
0.000006
0.000006
0.000006
0.000006
0.000006
0.000010
0.000006
0.000003
0.012370
0.000006
0.000007
0.000007
0.010865
0.009519
0.013371
0.000005
0.000020
0.013583
0.000007
0.000007
0.000006
0.000007
0.000008
0.000007
0.000037
0.000005
0.000006
0.000006
0.000006
0.000007
0.000006
0.000007
0.000007
0.000008
0.000007
0.000038
0.000007
0.000008
0.000006
0.000007
0.000006
0.000005
0.013510
0.012875
0.000006
0.000006
0.000024
0.000004
0.000004
0.000007
0.000007
0.000006
0.000007
0.009180
0.000007
0.000013
0.000014
0.000007
0.000006
0.010127
0.009091
0.000008
0.000006
0.000006
0.000007
0.000007
0.000007
0.000006
0.000006
0.000581
0.000020
0.000006
0.000007
0.000007
0.000007
0.000007
0.010862
0.000009
0.000007
0.007434
0.000007
0.000006
0.008542
0.000003
0.000007
0.000007
0.000006
0.000006
0.000007
0.000006
0.000027
0.000015
0.000004
0.000004
0.000006
0.000006
0.000007
0.000002
0.000022
0.000006
0.000007
0.000006
0.000006
0.000007
0.000007
0.000006
0.000007
0.006624
0.000007
0.000006
0.000005
0.009234
0.000006
0.000007
0.000006
0.000006
0.000002
0.000003
0.000007
0.000007
0.000007
0.000006
0.000007
0.010620
0.000007
0.000007
0.000004
0.000003
0.000007
0.000006
0.000007
0.000021
0.000007
0.000007
0.013270
0.000007
0.000005
0.000003
0.011356
0.000005
0.000006
0.000005
0.000007
0.000006
0.000008
0.000007
0.000006
0.000007
0.000006
0.000006
0.000006
0.000013
0.000007
0.000006
0.000007
0.000006
0.000007
0.000007
0.000005
0.010535
0.000006
0.000005
0.000008
0.000007
0.000006
0.000005
0.000008
0.013234
0.000006
0.000006
0.000006
0.000007
0.000007
0.000006
0.000008
0.000007
0.000017
0.000007
0.000007
0.000005
0.000006
0.000007
0.000007
0.000007
0.000007
0.000005
0.000006
0.000015
0.000006
0.000006
0.000005
0.000005
0.000005
0.000005
0.000006
0.000005
0.000008
0.000007
0.000006
0.000006
0.000006
0.000007
0.000008
0.000006
0.000006
0.000004
