0.078769
0.078902
0.077768
0.077607
0.078105
0.077625
0.079034
0.092007
0.078915
0.080567
0.078264
0.078926
0.080985
0.080055
0.085270
0.076689
0.080431
0.078953
0.077523
0.087169
0.077047
0.078448
0.079356
0.078688
0.078390
0.077508
0.079689
0.078489
0.077547
0.077770
0.077016
0.081696
0.085801
0.078831
0.078137
0.076953
0.077537
0.078732
0.079615
0.078428
0.077540
0.077297
0.077784
0.078646
0.080254
0.096064
0.078109
0.077883
0.079766
0.078972
0.085049
0.080478
0.086368
0.078914
0.079158
0.079051
0.079319
0.096109
0.079457
0.078648
0.077837
0.079484
0.079931
0.079092
0.078248
0.078414
0.079336
0.080415
0.077821
0.085278
0.076848
0.078288
0.077180
0.076986
0.077982
0.080108
0.078592
0.079556
0.078504
0.078499
0.077135
0.077994
0.085635
0.078167
0.078593
0.077928
0.079247
0.080216
0.081994
0.110715
0.114062
0.079264
0.103266
0.091812
0.084503
0.079291
0.077416
0.077463
0.078869
0.079798
0.079252
0.079643
0.077858
0.083104
0.090356
0.080179
0.084280
0.079626
0.079259
0.078158
0.079205
0.078474
0.079217
0.077451
0.078009
0.076873
0.081337
0.079504
0.090552
0.077247
0.080229
0.078036
0.080833
0.079320
0.078002
0.078607
0.079408
0.077735
0.081614
0.078121
0.084546
0.087510
0.080255
0.081435
0.077605
0.084047
0.078057
0.079858
0.093545
0.077819
0.080820
0.083215
0.078910
0.090787
0.076658
0.078899
0.077718
0.076977
0.077780
0.078932
0.078566
0.077334
0.090205
0.078684
0.077378
0.094550
0.080889
0.079075
0.092048
0.078672
0.078904
0.080445
0.077800
0.078776
0.076672
0.079004
0.077535
0.080295
0.089248
0.077974
0.082765
0.077903
0.082195
0.098127
0.078505
0.078801
0.077969
0.082843
0.081272
0.078300
0.086097
0.080530
0.106360
0.086501
0.080511
0.078856
0.079801
0.080370
0.079034
0.080194
0.078087
0.077721
0.093072
0.077891
0.078872
0.077260
0.078770
0.078497
0.080583
0.078016
